# Created by Octave 6.4.0, Sun Aug 06 23:28:14 2023 BST <rowan@sierra>
# name: example_data
# type: matrix
# rows: 5
# columns: 1
 1
 2
 3
 4
 5


