# Created by Octave 6.4.0, Sun Aug 06 23:28:15 2023 BST <rowan@sierra>
# name: my_struct
# type: scalar struct
# ndims: 2
 1 1
# length: 3
# name: rank
# type: scalar
1


# name: player
# type: sq_string
# elements: 1
# length: 10
DG Bradman


# name: batting_average
# type: scalar
99.939999999999998




