# Created by Octave 6.4.0, Sun Aug 06 23:28:15 2023 BST <rowan@sierra>
# name: my_matrix
# type: matrix
# rows: 2
# columns: 2
 1 2
 3 4


