# Created by Octave 6.4.0, Mon Jul 31 16:43:17 2023 BST <rowan@sierra>
# name: example_data
# type: matrix
# rows: 5
# columns: 1
 1
 2
 3
 4
 5


